fenbianlv: 320x240
intrix: [257.2907196174067, 0, 158.0575532713138;
 0, 257.0102462457203, 119.8940389080591;
 0, 0, 1]
qibian: 
[0.08502196332108675, -0.09455495568545728, -0.003889874461507889, -0.003196812526572364, -0.1899171374462752]
pic[temp\0.jpg]rot: 
[-0.1951842972335138;
 3.063156955415712;
 -0.6951154345642683]
pic[temp\0.jpg]rot: 
[-0.9922918434861614, -0.1219471100350713, 0.02204086443244923;
 -0.1195160395029154, 0.8947360209156797, -0.4303061342550372;
 0.03275383416293365, -0.4296235040475215, -0.9024138912481103]
pic[temp\0.jpg]rot: 
[108.525078456253;
 -110.2127857840465;
 433.0408065726785]

pic[temp\1.jpg]rot: 
[1.2462775410969;
 2.495673697627686;
 -0.6390866161048206]
pic[temp\1.jpg]rot: 
[-0.5892000562284964, 0.8064332512047112, 0.05008697527038025;
 0.68310331980289, 0.5302813731060139, -0.5021668246818688;
 -0.4315242150964499, -0.2616621422525605, -0.8633190459483641]
pic[temp\1.jpg]rot: 
[-33.3332338952268;
 -135.5369535097896;
 456.2686238128258]

pic[temp\10.jpg]rot: 
[1.785534939768702;
 1.943048647230216;
 -0.4513517194641385]
pic[temp\10.jpg]rot: 
[-0.05156310183897916, 0.9923580330814531, 0.1121016534554805;
 0.8413337964160091, 0.1036422042138971, -0.5304863207604038;
 -0.5380508243065596, 0.06696138950465719, -0.8402484649070401]
pic[temp\10.jpg]rot: 
[-140.5673568683221;
 -76.81441512321803;
 446.7276512157609]

pic[temp\11.jpg]rot: 
[1.697721954638187;
 1.859004109139453;
 -0.553068377420223]
pic[temp\11.jpg]rot: 
[-0.0446914993945281, 0.9911781468844423, 0.1247739997779652;
 0.7617797017863135, 0.1146141938218759, -0.6376168696959927;
 -0.6462927787220154, 0.06655424639558449, -0.7601816733245361]
pic[temp\11.jpg]rot: 
[-137.4333584210713;
 -66.62630194148433;
 445.1525258939409]

pic[temp\12.jpg]rot: 
[1.660877942422461;
 1.809724703096489;
 -0.6090135785794661]
pic[temp\12.jpg]rot: 
[-0.03561345215880252, 0.9917838376069473, 0.1228678212021708;
 0.7157177754217577, 0.1111186623323714, -0.6894930810579569;
 -0.6974810018707769, 0.06338345480565327, -0.7137946411162226]
pic[temp\12.jpg]rot: 
[-135.5957123153042;
 -58.17469491425872;
 436.7602164059207]

pic[temp\13.jpg]rot: 
[2.037490003681986;
 2.163073106600643;
 -0.2475584599490945]
pic[temp\13.jpg]rot: 
[-0.0594349221819287, 0.9982286912485607, 0.002640074509148257;
 0.9718202055680263, 0.05846650138194986, -0.2283575185227623;
 -0.2281073827716835, -0.01100673359086336, -0.9735737638929638]
pic[temp\13.jpg]rot: 
[-135.7018185072609;
 -136.2155594532771;
 439.0236738199509]

pic[temp\14.jpg]rot: 
[1.636081886645598;
 1.944573214416529;
 0.0627794007256061]
pic[temp\14.jpg]rot: 
[-0.0693869173004269, 0.8848652144409973, 0.4606506354927035;
 0.9127352744884919, 0.2426739393839241, -0.3286695572277797;
 -0.4026161626313094, 0.3976467168431991, -0.8244860909511231]
pic[temp\14.jpg]rot: 
[-107.2051045740095;
 -103.6930120721148;
 352.8315182118575]

pic[temp\15.jpg]rot: 
[1.59879187585397;
 1.861268537076317;
 -0.1441920588924946]
pic[temp\15.jpg]rot: 
[-0.02411268354733476, 0.9115004433850268, 0.4105916708861075;
 0.8373874858508262, 0.2427607790587657, -0.4897442217027305;
 -0.5460776291266455, 0.3320152795575538, -0.7691326784812496]
pic[temp\15.jpg]rot: 
[-89.26527608406907;
 -71.19396365061353;
 382.3073731296273]

pic[temp\16.jpg]rot: 
[1.857666026386901;
 2.106814367943674;
 0.01140223824733141]
pic[temp\16.jpg]rot: 
[-0.09435404488916155, 0.9635834194311845, 0.2502085290519883;
 0.9662351888208822, 0.1491672021720757, -0.2100921361698925;
 -0.2397642052044628, 0.2219372424661093, -0.9451227361084971]
pic[temp\16.jpg]rot: 
[-98.94137407175376;
 -116.2423431878259;
 375.0373214682084]

pic[temp\17.jpg]rot: 
[1.973731389596267;
 2.15665560536654;
 0.06503895984570159]
pic[temp\17.jpg]rot: 
[-0.07603960764614259, 0.9790798624907563, 0.1887342071117536;
 0.9886736981182903, 0.09859640672130665, -0.1131506395507794;
 -0.1293920272587321, 0.1779926162702493, -0.975487740484291]
pic[temp\17.jpg]rot: 
[-95.23275457225571;
 -128.0765611835587;
 369.2555847192608]

pic[temp\18.jpg]rot: 
[2.020081203470856;
 2.175977672060779;
 0.04413331493463701]
pic[temp\18.jpg]rot: 
[-0.06646712347493022, 0.9871076414821996, 0.1456043461728324;
 0.9921997423993377, 0.08081086284527628, -0.0949172040722342;
 -0.1054599102960766, 0.1381597212419439, -0.9847792131979085]
pic[temp\18.jpg]rot: 
[-87.48977983003645;
 -135.0026025410628;
 406.3906051678995]

pic[temp\19.jpg]rot: 
[2.049414385644491;
 2.195151732290669;
 -0.04917645313223074]
pic[temp\19.jpg]rot: 
[-0.06375382561704124, 0.9948857142568296, 0.07834452939975779;
 0.9903791872525002, 0.0727353796824779, -0.117722682604172;
 -0.1228190342588182, 0.07008551997469507, -0.9899512638072683]
pic[temp\19.jpg]rot: 
[-77.22221916470032;
 -154.4268380066119;
 467.5420521742866]

pic[temp\2.jpg]rot: 
[1.39962958663722;
 2.332360287951613;
 -0.7756554319612636]
pic[temp\2.jpg]rot: 
[-0.4735834256686833, 0.8806823444171574, -0.01083268959281242;
 0.7117661693514725, 0.375447247274674, -0.5936567060857656;
 -0.5187558762063769, -0.2888563185145333, -0.8046454922234914]
pic[temp\2.jpg]rot: 
[-23.75494391636973;
 -158.2849464998961;
 496.2999117307314]

pic[temp\20.jpg]rot: 
[2.269926538636388;
 1.938938303086694;
 -0.4523263024944056]
pic[temp\20.jpg]rot: 
[0.1336075727013438, 0.980202963974125, -0.1461203816488148;
 0.9436768358953429, -0.1708660565138669, -0.2833351727653207;
 -0.3026929895313223, -0.1000346947200831, -0.9478238306462076]
pic[temp\20.jpg]rot: 
[-85.06053946334985;
 -110.8814065416414;
 514.2992412527719]

pic[temp\21.jpg]rot: 
[1.606693418675376;
 1.877707388894479;
 -0.1376692577499711]
pic[temp\21.jpg]rot: 
[-0.03341680699246175, 0.9139195996750294, 0.4045173449189317;
 0.8451471595956764, 0.241886342906258, -0.4766731330196778;
 -0.5334881401097761, 0.3259477909808093, -0.7804796229991802]
pic[temp\21.jpg]rot: 
[-111.6470577130296;
 -85.04023179857876;
 398.1896038972293]

pic[temp\22.jpg]rot: 
[1.996304159919438;
 2.031547190380341;
 -0.02975656114840107]
pic[temp\22.jpg]rot: 
[0.004109209208980502, 0.9814236725202098, 0.1918089920119004;
 0.9753849105101194, 0.038355331396425, -0.217147749015819;
 -0.2204708387720324, 0.1879799020385288, -0.9571082309126495]
pic[temp\22.jpg]rot: 
[-89.30896323927408;
 -81.5653517807913;
 390.0416364251964]

pic[temp\23.jpg]rot: 
[2.080182790851655;
 2.059412619341496;
 -0.0009626000821778294]
pic[temp\23.jpg]rot: 
[0.0213696017359255, 0.9885701155909009, 0.1492396283908561;
 0.988430170019411, 0.00153014173828836, -0.1516689080255379;
 -0.1501637077227592, 0.150754055424236, -0.9770998289100762]
pic[temp\23.jpg]rot: 
[-104.2205339603596;
 -100.2329660428071;
 343.1525654110031]

pic[temp\24.jpg]rot: 
[2.59582883445823;
 1.306395393316321;
 -0.06080630378010198]
pic[temp\24.jpg]rot: 
[0.6006778652129159, 0.7966138291896109, 0.06776805580152613;
 0.7868747444018199, -0.5740719786675772, -0.2264276925008581;
 -0.1414716892732395, 0.1893350745439362, -0.9716676338551254]
pic[temp\24.jpg]rot: 
[-132.8013703430028;
 -14.45203602754095;
 397.7970137855147]

pic[temp\25.jpg]rot: 
[2.650264543602741;
 1.076319239227721;
 -0.1336953952238498]
pic[temp\25.jpg]rot: 
[0.7186039066544735, 0.6951765688939497, 0.01838378094310787;
 0.669552442493313, -0.6844896310349572, -0.2883981133032373;
 -0.1879041034468577, 0.2195529163242057, -0.9573340925932644]
pic[temp\25.jpg]rot: 
[-81.38840522306815;
 19.44646648873477;
 397.1174590587931]

pic[temp\26.jpg]rot: 
[2.341942393610355;
 1.31190288541387;
 0.1893050900573506]
pic[temp\26.jpg]rot: 
[0.538982878201986, 0.7755634048243643, 0.3286318032423869;
 0.8368320889882319, -0.4485867400677451, -0.3138184052521224;
 -0.09596620157480119, 0.4441523857108423, -0.8907969164869577]
pic[temp\26.jpg]rot: 
[-139.8816371877568;
 -21.09365037197616;
 356.5376344767602]

pic[temp\27.jpg]rot: 
[2.409239946948127;
 1.3991514713844;
 -0.06429940829382312]
pic[temp\27.jpg]rot: 
[0.5105287043639787, 0.8490743673197593, 0.1357687769002404;
 0.8330430320374759, -0.4492752002960314, -0.3227864637384437;
 -0.2130721680422988, 0.277892988683614, -0.936683371287354]
pic[temp\27.jpg]rot: 
[-120.168991439553;
 -22.17079878054445;
 410.9973207695875]

pic[temp\28.jpg]rot: 
[2.820162338338874;
 0.2180709132516478;
 0.05570977427738039]
pic[temp\28.jpg]rot: 
[0.9876481254736371, 0.1438988092314635, 0.06200252374038188;
 0.1560052701700331, -0.9399841561478925, -0.3034668711245254;
 0.01461286856112532, 0.3093912068768296, -0.9508225624056857]
pic[temp\28.jpg]rot: 
[-102.8937910991089;
 68.4115779592284;
 391.4041518524656]

pic[temp\29.jpg]rot: 
[2.894017617139161;
 0.1328618304490339;
 0.06920545144598546]
pic[temp\29.jpg]rot: 
[0.994734297533421, 0.08445753364794698, 0.05805688865929073;
 0.09598242782640573, -0.9663098158194953, -0.2388152285752355;
 0.03593119618437707, 0.2431301397626363, -0.9693279549666154]
pic[temp\29.jpg]rot: 
[-85.72930334681024;
 109.7307895947634;
 374.4888625304752]

pic[temp\3.jpg]rot: 
[1.81843091965288;
 2.011683140798234;
 -0.4759894373807718]
pic[temp\3.jpg]rot: 
[-0.08554722469249088, 0.9947118076793806, 0.05683389842894068;
 0.8637686451413114, 0.1024744081804043, -0.4933586153487327;
 -0.4965736602138251, 0.00688587912285088, -0.8679672716471227]
pic[temp\3.jpg]rot: 
[-123.2558585536663;
 -153.9901722587398;
 479.8368499701742]

pic[temp\30.jpg]rot: 
[2.88149344475081;
 0.1473724414679505;
 0.1332846493171947]
pic[temp\30.jpg]rot: 
[0.9906853428759751, 0.08861893388054266, 0.1033887613262988;
 0.1117432988606444, -0.9629779990922821, -0.2453299990298076;
 0.07782021954769261, 0.2545978354623242, -0.9639107612260838]
pic[temp\30.jpg]rot: 
[-118.5399383892283;
 102.5968198795998;
 345.3460819960402]

pic[temp\31.jpg]rot: 
[2.873349613630146;
 0.09545038305401603;
 0.09625112876463535]
pic[temp\31.jpg]rot: 
[0.9956361835923651, 0.05636824457168715, 0.07437211120800559;
 0.07389861891353802, -0.9629164256490884, -0.2594820828840698;
 0.05698757798240921, 0.2638457470172488, -0.9628799705760883]
pic[temp\31.jpg]rot: 
[-101.6234798234995;
 114.1801585227417;
 341.676182827695]

pic[temp\32.jpg]rot: 
[2.885016937461897;
 0.07915410731622179;
 0.07636236646602568]
pic[temp\32.jpg]rot: 
[0.9971442841803436, 0.04725216077183293, 0.05891103316750339;
 0.06056901667462685, -0.9663152198956574, -0.2501325448978522;
 0.04510732474375537, 0.2529864207826186, -0.9664177151491281]
pic[temp\32.jpg]rot: 
[-94.00027419794054;
 111.8791412012778;
 342.9297237791442]

pic[temp\33.jpg]rot: 
[2.824868534830349;
 -0.02837219689670756;
 -0.101269251010096]
pic[temp\33.jpg]rot: 
[0.9972997592003766, -0.008475814778476632, -0.07294758983483307;
 -0.03065790983787942, -0.9506719836730751, -0.3086792380829533;
 -0.0667329218844982, 0.3100821504423322, -0.9483647911609837]
pic[temp\33.jpg]rot: 
[-60.29941357883631;
 117.6002902816717;
 333.4511938826232]

pic[temp\34.jpg]rot: 
[2.810064313779508;
 0.2849129777589688;
 0.2761389467979051]
pic[temp\34.jpg]rot: 
[0.9618005810440804, 0.1651742603528779, 0.2183050755712062;
 0.2233632268587702, -0.9345530083287739, -0.276982929999082;
 0.1582672145155398, 0.315163669131641, -0.935747482213537]
pic[temp\34.jpg]rot: 
[-129.4660701876808;
 76.273569696396;
 344.0386580141092]

pic[temp\35.jpg]rot: 
[2.775549391054062;
 -0.08864251495658755;
 -0.2181265237911791]
pic[temp\35.jpg]rot: 
[0.9861587309259966, -0.03413071768842278, -0.1622530478249987;
 -0.08872623973369935, -0.9353106071038666, -0.3425225870241475;
 -0.1400664549460229, 0.3521777425520667, -0.9253930115630786]
pic[temp\35.jpg]rot: 
[-39.09530459267796;
 126.5919010528065;
 353.0710558482141]

pic[temp\36.jpg]rot: 
[2.650252462083261;
 -0.2045476987029023;
 -0.4586796934554689]
pic[temp\36.jpg]rot: 
[0.9340331620687237, -0.06871038135959937, -0.3505152431055175;
 -0.2148504485609765, -0.8920230425314527, -0.3976608810859792;
 -0.2853442428174236, 0.446736807400452, -0.8479415593097219]
pic[temp\36.jpg]rot: 
[-28.79258167579034;
 124.8085875905045;
 344.3221622231201]

pic[temp\37.jpg]rot: 
[2.615167753324862;
 -0.2158837001618427;
 -0.4215346475703745]
pic[temp\37.jpg]rot: 
[0.940135959466386, -0.07689367868764962, -0.3320116562654068;
 -0.2244704209245446, -0.872754418884767, -0.4334890476668014;
 -0.2564320725809778, 0.4820654379801493, -0.8377681693982119]
pic[temp\37.jpg]rot: 
[-23.64101721336867;
 110.2823480820171;
 344.5637176805077]

pic[temp\38.jpg]rot: 
[2.957808137782612;
 0.3612032842727476;
 0.3541205697250677]
pic[temp\38.jpg]rot: 
[0.9434499563275568, 0.2195560104042615, 0.248389488909846;
 0.2526881923220613, -0.9612631101103047, -0.1100995486006782;
 0.2145946349901126, 0.1666385052634232, -0.9623828506353551]
pic[temp\38.jpg]rot: 
[-117.7740650953181;
 104.3852637680848;
 367.2942108249309]

pic[temp\39.jpg]rot: 
[3.081081007655999;
 0.1119918123829046;
 0.1236696799677837]
pic[temp\39.jpg]rot: 
[0.994157159565154, 0.07018389472205337, 0.08201074933805202;
 0.07467028560065241, -0.9957999454487637, -0.05297940253113779;
 0.07794799890736179, 0.05879361841121073, -0.99522229672594]
pic[temp\39.jpg]rot: 
[-71.90600386410168;
 107.1806128064848;
 408.7041902613141]

pic[temp\4.jpg]rot: 
[1.901386678869386;
 2.056837934264991;
 -0.4417696448657939]
pic[temp\4.jpg]rot: 
[-0.07523671000853682, 0.9970619628591295, 0.01438331278221308;
 0.9032217101302906, 0.07425344412353774, -0.4227019853101071;
 -0.4225280816897318, -0.01881138632031992, -0.906154596042145]
pic[temp\4.jpg]rot: 
[-88.38158399509462;
 -150.4737614456148;
 513.6733093102342]

pic[temp\40.jpg]rot: 
[3.09489603444929;
 -0.006016173047780189;
 0.08711650946951968]
pic[temp\40.jpg]rot: 
[0.9984098612271691, -0.005161520180572357, 0.05613472823279332;
 -0.002603886211549463, -0.9989591009643801, -0.04554046966199086;
 0.05631135570150413, 0.04532188555061398, -0.9973840573766936]
pic[temp\40.jpg]rot: 
[-66.50971729639912;
 140.2555835552049;
 384.2786209489905]

pic[temp\42.jpg]rot: 
[2.494913687200426;
 -1.057003527622809;
 -0.09051669864442854]
pic[temp\42.jpg]rot: 
[0.7077280006374583, -0.6709129079338529, -0.2213525402642749;
 -0.6987795585240022, -0.6186145312598561, -0.3591979820421453;
 0.1040586647171047, 0.4088911000277335, -0.9066310509878884]
pic[temp\42.jpg]rot: 
[32.34423821138721;
 108.3970511500649;
 336.8054028368834]

pic[temp\43.jpg]rot: 
[1.639390077655904;
 -1.637542558769155;
 0.9118281150662895]
pic[temp\43.jpg]rot: 
[-0.01706900052331362, -0.9992755222663053, 0.03401587600720385;
 -0.5551864811581316, -0.01882179750852642, -0.8315129049376199;
 0.8315507322829956, -0.03307824871347309, -0.5544629916429619]
pic[temp\43.jpg]rot: 
[116.3754403152881;
 143.7216180997815;
 400.5235003388097]

pic[temp\44.jpg]rot: 
[1.640341622987458;
 -1.630213601412675;
 0.914298256619159]
pic[temp\44.jpg]rot: 
[-0.01298447598892816, -0.9992797291145629, 0.03565706611625269;
 -0.551485911623009, -0.02258916840882597, -0.8338782997248078;
 0.8340831449349828, -0.03049184237338853, -0.550795383862324]
pic[temp\44.jpg]rot: 
[115.907101315599;
 120.7754883527982;
 434.654804600996]

pic[temp\5.jpg]rot: 
[1.942556942484733;
 2.10164704845395;
 -0.4599900337023645]
pic[temp\5.jpg]rot: 
[-0.08557906275897109, 0.9957114200681215, -0.03514245243606778;
 0.9193542922978782, 0.0653234144305842, -0.3879697626885348;
 -0.3840102983655047, -0.06551045315867821, -0.9210018845128281]
pic[temp\5.jpg]rot: 
[-75.98358936054491;
 -173.3297619509989;
 556.9734398488694]

pic[temp\6.jpg]rot: 
[2.282577111037583;
 1.896417177092514;
 -0.458836734342536]
pic[temp\6.jpg]rot: 
[0.1596760439602812, 0.976633816042014, -0.1438400165058649;
 0.9343687576389643, -0.1965379091394752, -0.2972000589153737;
 -0.3185256437610832, -0.08694388784898363, -0.9439185211829944]
pic[temp\6.jpg]rot: 
[-102.0400097001704;
 -112.1773190327718;
 490.1772694074864]

pic[temp\7.jpg]rot: 
[2.354443015614529;
 1.893855567689264;
 -0.4731865740701464]
pic[temp\7.jpg]rot: 
[0.1866557113336555, 0.9645881783363836, -0.1863579663986044;
 0.9388848430462887, -0.230990765628978, -0.2552224866505378;
 -0.2892315628081972, -0.1273299352384787, -0.9487529660916443]
pic[temp\7.jpg]rot: 
[-114.4889388510722;
 -60.69457423828323;
 472.7051569928989]

pic[temp\8.jpg]rot: 
[2.336553013088228;
 1.89823002623912;
 -0.4635052424977061]
pic[temp\8.jpg]rot: 
[0.1787994174974784, 0.9684856343699705, -0.1733964945480685;
 0.9394107808420608, -0.2204329373364828, -0.2625199134826153;
 -0.2924690635610406, -0.1159521287264972, -0.9492191268108338]
pic[temp\8.jpg]rot: 
[-128.816131756968;
 -53.41546334601967;
 447.4749305891673]

pic[temp\9.jpg]rot: 
[1.979619161479754;
 2.080994955877126;
 -0.2546648789985264]
pic[temp\9.jpg]rot: 
[-0.03979472796157379, 0.9970928771002863, 0.06497825838184534;
 0.9519996290091945, 0.05758661741663107, -0.3006334776116372;
 -0.3035013772502861, 0.0498956504154833, -0.9515236928615048]
pic[temp\9.jpg]rot: 
[-161.3535122585484;
 -105.7347236811301;
 443.6399569972663]


