<?xml version="1.0"?>
<opencv_storage>
<cameraMatrix type_id="opencv-matrix">
  <rows>3</rows>
  <cols>3</cols>
  <dt>d</dt>
  <data>
    2.5729071961740669e+02 0. 1.5805755327131382e+02 0.
    2.5701024624572034e+02 1.1989403890805912e+02 0. 0. 1.</data></cameraMatrix>
<distCoeffs type_id="opencv-matrix">
  <rows>1</rows>
  <cols>5</cols>
  <dt>d</dt>
  <data>
    8.5021963321086746e-02 -9.4554955685457284e-02
    -3.8898744615078894e-03 -3.1968125265723637e-03
    -1.8991713744627517e-01</data></distCoeffs>
</opencv_storage>
