相机标定分辨率: 320x240
每幅图像的标定误差: 
图像[temp\100.jpg]的平均误差: 0.0410714像素
图像[temp\101.jpg]的平均误差: 0.0402633像素
图像[temp\114.jpg]的平均误差: 0.0420695像素
图像[temp\115.jpg]的平均误差: 0.0434212像素
图像[temp\116.jpg]的平均误差: 0.0424569像素
图像[temp\117.jpg]的平均误差: 0.0469673像素
图像[temp\118.jpg]的平均误差: 0.0390073像素
图像[temp\126.jpg]的平均误差: 0.052161像素
图像[temp\127.jpg]的平均误差: 0.0557904像素
图像[temp\128.jpg]的平均误差: 0.0402663像素
图像[temp\130.jpg]的平均误差: 0.0458806像素
图像[temp\136.jpg]的平均误差: 0.0402529像素
图像[temp\150.jpg]的平均误差: 0.0394724像素
图像[temp\151.jpg]的平均误差: 0.0330919像素
图像[temp\70.jpg]的平均误差: 0.0340761像素
图像[temp\71.jpg]的平均误差: 0.0310631像素
图像[temp\72.jpg]的平均误差: 0.0356888像素
图像[temp\73.jpg]的平均误差: 0.0354313像素
图像[temp\74.jpg]的平均误差: 0.0344335像素
图像[temp\86.jpg]的平均误差: 0.0340882像素
图像[temp\88.jpg]的平均误差: 0.0312869像素
图像[temp\96.jpg]的平均误差: 0.0337639像素
图像[temp\97.jpg]的平均误差: 0.0369539像素
总体平均误差: 0.0395199像素

相机内参数矩阵: 
[255.9392914453707, 0, 184.9795785378654;
 0, 256.4700267079016, 128.229388637673;
 0, 0, 1]

畸变系数: 
[-0.418877017477248, 0.5120256155116278, 0.003384017923749532, 8.670295408861307e-05, -0.755414518731966]


图像[temp\100.jpg]的旋转向量: 
[-0.7282207801345191;
 2.649745169020177;
 0.4649265859349962]
图像[temp\100.jpg]的旋转矩阵: 
[-0.805506640648491, -0.539294909006965, 0.2456014108069255;
 -0.4234679224925557, 0.8137784299048721, 0.3980447030691405;
 -0.4145286123912578, 0.2166233324015001, -0.8838780240328682]
图像[temp\100.jpg]的平移向量: 
[174.0284395872562;
 -147.3426927568153;
 536.9731394015877]

图像[temp\101.jpg]的旋转向量: 
[-0.3763360484110308;
 2.764465280356651;
 0.4506494731165767]
图像[temp\101.jpg]的旋转矩阵: 
[-0.9160615201415339, -0.3035616156364958, 0.2620718161652308;
 -0.2046140945910651, 0.9158109560574031, 0.3455768583975261;
 -0.3449121099797176, 0.2629460748468885, -0.9010521617042787]
图像[temp\101.jpg]的平移向量: 
[155.9722061513882;
 -170.8083745591124;
 499.179354084987]

图像[temp\114.jpg]的旋转向量: 
[-2.385233472148013;
 1.670895738597741;
 0.4754348117958056]
图像[temp\114.jpg]的旋转矩阵: 
[0.3130907821280797, -0.9376847041760766, -0.1507367164981769;
 -0.8765785521748238, -0.3463949978158952, 0.3340966138038758;
 -0.3654917290630774, 0.02753000258536045, -0.9304073811745757]
图像[temp\114.jpg]的平移向量: 
[51.22815819785964;
 83.13281691737882;
 493.5459931668906]

图像[temp\115.jpg]的旋转向量: 
[-1.954145728304393;
 1.943388995541672;
 0.2279653708167022]
图像[temp\115.jpg]的旋转矩阵: 
[0.03369829488006337, -0.9887472394678951, 0.1457508880480452;
 -0.9281763455880321, 0.02311725160356704, 0.3714219489598644;
 -0.3706117866623012, -0.147798812995622, -0.9169527874782115]
图像[temp\115.jpg]的平移向量: 
[80.81038140089699;
 52.98366050337687;
 519.5975056858341]

图像[temp\116.jpg]的旋转向量: 
[-1.695195501387955;
 2.020828563863322;
 0.1431801212785591]
图像[temp\116.jpg]的旋转矩阵: 
[-0.1043433389691008, -0.9477506811201307, 0.3014649466341113;
 -0.8957772106874679, 0.2212514649115253, 0.3855268837415671;
 -0.4320829277184637, -0.2298182667040031, -0.8720595781616119]
图像[temp\116.jpg]的平移向量: 
[67.33342564244948;
 18.7403983850572;
 546.7331911368574]

图像[temp\117.jpg]的旋转向量: 
[-1.341746940814165;
 2.158135713396863;
 0.07419549190937831]
图像[temp\117.jpg]的旋转矩阵: 
[-0.3172025435012025, -0.8344201760776029, 0.4506944820507459;
 -0.8014973647667691, 0.4899071342754495, 0.3429183198050834;
 -0.5069364069272322, -0.2524558764232655, -0.8241853613059799]
图像[temp\117.jpg]的平移向量: 
[67.49709929458943;
 -49.75212536384439;
 570.6969267278225]

图像[temp\118.jpg]的旋转向量: 
[-1.075800309197097;
 2.240931062065736;
 0.003724415642193054]
图像[temp\118.jpg]的旋转矩阵: 
[-0.456812008681367, -0.7002812083528451, 0.5485699754382969;
 -0.6984539039000963, 0.6642516749213536, 0.2663303521773125;
 -0.5508946658402218, -0.2614879377563245, -0.7925522856927074]
图像[temp\118.jpg]的平移向量: 
[86.22706307902189;
 -97.82681442707839;
 579.3495638444658]

图像[temp\126.jpg]的旋转向量: 
[-1.013186897046688;
 2.128558348976352;
 0.01709500635930148]
图像[temp\126.jpg]的旋转矩阵: 
[-0.3925130928422879, -0.6679100663134331, 0.6323208167256292;
 -0.657667898758637, 0.6844247727950157, 0.3146993252723777;
 -0.6429668785324641, -0.2923334973992477, -0.7079086942597494]
图像[temp\126.jpg]的平移向量: 
[118.8747501599292;
 -103.0056604214491;
 570.210817642865]

图像[temp\127.jpg]的旋转向量: 
[-2.048245728739412;
 1.822914193110654;
 0.4116472685925909]
图像[temp\127.jpg]的旋转矩阵: 
[0.1219868963855775, -0.9922141430130635, 0.02510560724353733;
 -0.8851418751233771, -0.09730947649117883, 0.4550326655176364;
 -0.4490468327616698, -0.0777300468922085, -0.8901207680965815]
图像[temp\127.jpg]的平移向量: 
[81.91542871657458;
 50.63584358752656;
 507.8736077638238]

图像[temp\128.jpg]的旋转向量: 
[-2.438127412280326;
 1.326420879261104;
 0.7049060439235219]
图像[temp\128.jpg]的旋转矩阵: 
[0.4602925505984106, -0.8411027684386015, -0.284036794779355;
 -0.7060465203967995, -0.5407845105039396, 0.457220323514371;
 -0.5381719789241919, -0.00991191827723692, -0.8427767646161612]
图像[temp\128.jpg]的平移向量: 
[28.91900230167071;
 58.33444208099078;
 512.6081096171496]

图像[temp\130.jpg]的旋转向量: 
[-2.170197234082197;
 1.856546522219433;
 0.311236627991012]
图像[temp\130.jpg]的旋转矩阵: 
[0.1566992273040715, -0.9875869407746539, 0.0108345084644951;
 -0.9300605243830952, -0.1438627259932044, 0.3380694263816919;
 -0.3323142686472385, -0.06305196651306319, -0.9410588060117638]
图像[temp\130.jpg]的平移向量: 
[133.1717976324391;
 67.11051052213885;
 442.3403866367875]

图像[temp\136.jpg]的旋转向量: 
[-2.012803012092424;
 1.797203627211559;
 0.5621653225860754]
图像[temp\136.jpg]的旋转矩阵: 
[0.1007361916378028, -0.9940295356911603, -0.04192256991083493;
 -0.8407357935430025, -0.1075810512698079, 0.5306502076352192;
 -0.5319920536529943, -0.01820987592763323, -0.8465535158918011]
图像[temp\136.jpg]的平移向量: 
[99.3544359174597;
 -40.11689641328827;
 690.6922788174196]

图像[temp\150.jpg]的旋转向量: 
[-0.3970772636640977;
 2.591695375454946;
 0.4148129393261649]
图像[temp\150.jpg]的旋转矩阵: 
[-0.8415710645725909, -0.3482367988160001, 0.4129034696203711;
 -0.2019676831676309, 0.9118531177144502, 0.3573974631559889;
 -0.5009662645628501, 0.2173822064126262, -0.8377217784593658]
图像[temp\150.jpg]的平移向量: 
[100.2440922568849;
 -183.0034002493326;
 571.5694790996389]

图像[temp\151.jpg]的旋转向量: 
[-0.1781931504325711;
 2.629553399028584;
 0.3961749215939265]
图像[temp\151.jpg]的旋转矩阵: 
[-0.8802095382240227, -0.192752603321533, 0.4336791472185679;
 -0.05641831649902043, 0.949825481338082, 0.3076500098558382;
 -0.4712198450647733, 0.246329025723021, -0.8469202257022076]
图像[temp\151.jpg]的平移向量: 
[99.12903644692643;
 -207.6005644399811;
 557.1173236772195]

图像[temp\70.jpg]的旋转向量: 
[-1.928118708321346;
 1.954465426198692;
 0.5163811542176054]
图像[temp\70.jpg]的旋转矩阵: 
[-0.01588828349627813, -0.9998338745394991, -0.008932288109720715;
 -0.8737675768307104, 0.009540925674594414, 0.4862501335903782;
 -0.486084132766058, 0.01553042370977151, -0.8737740107215735]
图像[temp\70.jpg]的平移向量: 
[75.46343005712306;
 -51.40217098168559;
 550.182092073755]

图像[temp\71.jpg]的旋转向量: 
[-1.904060732798075;
 1.968025146537246;
 0.4568127237176309]
图像[temp\71.jpg]的旋转矩阵: 
[-0.02424697145798538, -0.9990915628688892, 0.03504473397410765;
 -0.8814992636483274, 0.03790233438732693, 0.4706617269711315;
 -0.4715624376077596, -0.01947978573269227, -0.881617493806263]
图像[temp\71.jpg]的平移向量: 
[85.23686221673185;
 -12.38634316369376;
 567.2409005517015]

图像[temp\72.jpg]的旋转向量: 
[-1.826572916624997;
 2.007157414215963;
 0.3848693669146109]
图像[temp\72.jpg]的旋转矩阵: 
[-0.06785238977585473, -0.9920678487729795, 0.1058179409772189;
 -0.8825615977888697, 0.1091458784297809, 0.4573534774440324;
 -0.4652752726183319, -0.06235832464670751, -0.882966794413693]
图像[temp\72.jpg]的平移向量: 
[103.6693837648084;
 6.001944831450051;
 581.5149297258557]

图像[temp\73.jpg]的旋转向量: 
[-1.718578713890998;
 1.959002209499452;
 0.3273288007957915]
图像[temp\73.jpg]的旋转矩阵: 
[-0.06949632395202787, -0.9741528541680274, 0.2149336587727509;
 -0.8513601679806794, 0.1702156513381755, 0.4961980415272021;
 -0.5199578111088101, -0.1485020159991349, -0.8411842996104527]
图像[temp\73.jpg]的平移向量: 
[109.4276567461243;
 -9.248489810582665;
 607.0895012236484]

图像[temp\74.jpg]的旋转向量: 
[-1.628191684624596;
 1.963135605059602;
 0.2098694570208601]
图像[temp\74.jpg]的旋转矩阵: 
[-0.092247969772006, -0.9407703396210186, 0.3262537052085327;
 -0.8505414723649617, 0.2448160894967428, 0.4654506269313275;
 -0.5177543006679772, -0.2345554314290673, -0.8227479770421425]
图像[temp\74.jpg]的平移向量: 
[96.16541358045116;
 -35.82551776171829;
 612.0103405940436]

图像[temp\86.jpg]的旋转向量: 
[-1.883410274878668;
 1.925806396452279;
 0.5804400242006876]
图像[temp\86.jpg]的旋转矩阵: 
[-0.02642256349990102, -0.9995501885650652, -0.01418691924401838;
 -0.8409099479726468, 0.01455071018542675, 0.5409794231149094;
 -0.5405296546339841, 0.02622398468277315, -0.8409161641261413]
图像[temp\86.jpg]的平移向量: 
[80.19382921193042;
 -110.414353304107;
 664.3967761139907]

图像[temp\88.jpg]的旋转向量: 
[-1.956955185116751;
 1.972651001523512;
 0.5671697177402572]
图像[temp\88.jpg]的旋转矩阵: 
[-0.02339048377186104, -0.9979050853512431, -0.06031853694384823;
 -0.8775540209766338, -0.008408152181094475, 0.4794040500920295;
 -0.4789069069627832, 0.06414626728834369, -0.8755189494558713]
图像[temp\88.jpg]的平移向量: 
[90.85407168646712;
 -91.99208152620795;
 659.4527593134911]

图像[temp\96.jpg]的旋转向量: 
[-1.902498908855326;
 2.034702361225069;
 0.6253119472020615]
图像[temp\96.jpg]的旋转矩阵: 
[-0.0891484395068648, -0.9924330686771837, -0.08443435278060352;
 -0.8685634415405593, 0.03596981316529257, 0.4942708979497717;
 -0.4874936961158683, 0.1174000712812497, -0.865197734341952]
图像[temp\96.jpg]的平移向量: 
[156.7273792365922;
 -63.18153946221998;
 600.1891724856841]

图像[temp\97.jpg]的旋转向量: 
[-1.26467561529147;
 2.490977371568798;
 0.4903875477882694]
图像[temp\97.jpg]的旋转矩阵: 
[-0.5653412552978204, -0.8170362458911775, 0.113318303721578;
 -0.713116658499465, 0.5531657695500644, 0.4306649077515398;
 -0.414552646148643, 0.1626634694642163, -0.8953695880880821]
图像[temp\97.jpg]的平移向量: 
[186.3678849301392;
 -103.6801397242783;
 563.1998321281416]


